2026/02/23-22:46:05.577238 c2c4 RocksDB version: 8.1.1
2026/02/23-22:46:05.578934 c2c4 Compile date 2023-04-06 16:38:52
2026/02/23-22:46:05.578992 c2c4 DB SUMMARY
2026/02/23-22:46:05.579018 c2c4 DB Session ID:  0BNBXV4ESB14HH2ZJ6II
2026/02/23-22:46:05.579934 c2c4 CURRENT file:  CURRENT
2026/02/23-22:46:05.579971 c2c4 IDENTITY file:  IDENTITY
2026/02/23-22:46:05.579997 c2c4 MANIFEST file:  MANIFEST-000033 size: 881 Bytes
2026/02/23-22:46:05.580161 c2c4 SST files in ./temp_data\collections\default\rocksdb dir, Total Num: 0, files: 
2026/02/23-22:46:05.580175 c2c4 Write Ahead Log file in ./temp_data\collections\default\rocksdb: 000004.log size: 0 ; 000028.log size: 0 ; 000032.log size: 0 ; 
2026/02/23-22:46:05.580179 c2c4                         Options.error_if_exists: 0
2026/02/23-22:46:05.580182 c2c4                       Options.create_if_missing: 1
2026/02/23-22:46:05.580185 c2c4                         Options.paranoid_checks: 1
2026/02/23-22:46:05.580187 c2c4             Options.flush_verify_memtable_count: 1
2026/02/23-22:46:05.580189 c2c4                               Options.track_and_verify_wals_in_manifest: 0
2026/02/23-22:46:05.580192 c2c4        Options.verify_sst_unique_id_in_manifest: 1
2026/02/23-22:46:05.580196 c2c4                                     Options.env: 00000264F9B0DE80
2026/02/23-22:46:05.580199 c2c4                                      Options.fs: WinFS
2026/02/23-22:46:05.580202 c2c4                                Options.info_log: 00000264F9B41CF0
2026/02/23-22:46:05.580204 c2c4                Options.max_file_opening_threads: 16
2026/02/23-22:46:05.580206 c2c4                              Options.statistics: 0000000000000000
2026/02/23-22:46:05.580209 c2c4                               Options.use_fsync: 0
2026/02/23-22:46:05.580211 c2c4                       Options.max_log_file_size: 0
2026/02/23-22:46:05.580214 c2c4                  Options.max_manifest_file_size: 1073741824
2026/02/23-22:46:05.580216 c2c4                   Options.log_file_time_to_roll: 0
2026/02/23-22:46:05.580219 c2c4                       Options.keep_log_file_num: 1000
2026/02/23-22:46:05.580221 c2c4                    Options.recycle_log_file_num: 0
2026/02/23-22:46:05.580224 c2c4                         Options.allow_fallocate: 1
2026/02/23-22:46:05.580226 c2c4                        Options.allow_mmap_reads: 0
2026/02/23-22:46:05.580228 c2c4                       Options.allow_mmap_writes: 0
2026/02/23-22:46:05.580231 c2c4                        Options.use_direct_reads: 0
2026/02/23-22:46:05.580233 c2c4                        Options.use_direct_io_for_flush_and_compaction: 0
2026/02/23-22:46:05.580235 c2c4          Options.create_missing_column_families: 1
2026/02/23-22:46:05.580237 c2c4                              Options.db_log_dir: 
2026/02/23-22:46:05.580240 c2c4                                 Options.wal_dir: 
2026/02/23-22:46:05.580242 c2c4                Options.table_cache_numshardbits: 6
2026/02/23-22:46:05.580245 c2c4                         Options.WAL_ttl_seconds: 0
2026/02/23-22:46:05.580247 c2c4                       Options.WAL_size_limit_MB: 0
2026/02/23-22:46:05.580249 c2c4                        Options.max_write_batch_group_size_bytes: 1048576
2026/02/23-22:46:05.580252 c2c4             Options.manifest_preallocation_size: 4194304
2026/02/23-22:46:05.580254 c2c4                     Options.is_fd_close_on_exec: 1
2026/02/23-22:46:05.580256 c2c4                   Options.advise_random_on_open: 1
2026/02/23-22:46:05.580259 c2c4                    Options.db_write_buffer_size: 0
2026/02/23-22:46:05.580261 c2c4                    Options.write_buffer_manager: 00000264F9B8E180
2026/02/23-22:46:05.580263 c2c4         Options.access_hint_on_compaction_start: 1
2026/02/23-22:46:05.580266 c2c4           Options.random_access_max_buffer_size: 1048576
2026/02/23-22:46:05.580268 c2c4                      Options.use_adaptive_mutex: 0
2026/02/23-22:46:05.580270 c2c4                            Options.rate_limiter: 0000000000000000
2026/02/23-22:46:05.580275 c2c4     Options.sst_file_manager.rate_bytes_per_sec: 0
2026/02/23-22:46:05.580501 c2c4                       Options.wal_recovery_mode: 2
2026/02/23-22:46:05.580513 c2c4                  Options.enable_thread_tracking: 0
2026/02/23-22:46:05.580516 c2c4                  Options.enable_pipelined_write: 0
2026/02/23-22:46:05.580519 c2c4                  Options.unordered_write: 0
2026/02/23-22:46:05.580521 c2c4         Options.allow_concurrent_memtable_write: 1
2026/02/23-22:46:05.580524 c2c4      Options.enable_write_thread_adaptive_yield: 1
2026/02/23-22:46:05.580527 c2c4             Options.write_thread_max_yield_usec: 100
2026/02/23-22:46:05.580530 c2c4            Options.write_thread_slow_yield_usec: 3
2026/02/23-22:46:05.580532 c2c4                               Options.row_cache: None
2026/02/23-22:46:05.580535 c2c4                              Options.wal_filter: None
2026/02/23-22:46:05.580538 c2c4             Options.avoid_flush_during_recovery: 0
2026/02/23-22:46:05.580540 c2c4             Options.allow_ingest_behind: 0
2026/02/23-22:46:05.580543 c2c4             Options.two_write_queues: 0
2026/02/23-22:46:05.580546 c2c4             Options.manual_wal_flush: 0
2026/02/23-22:46:05.580548 c2c4             Options.wal_compression: 0
2026/02/23-22:46:05.580551 c2c4             Options.atomic_flush: 0
2026/02/23-22:46:05.580554 c2c4             Options.avoid_unnecessary_blocking_io: 0
2026/02/23-22:46:05.580556 c2c4                 Options.persist_stats_to_disk: 0
2026/02/23-22:46:05.580559 c2c4                 Options.write_dbid_to_manifest: 0
2026/02/23-22:46:05.580562 c2c4                 Options.log_readahead_size: 0
2026/02/23-22:46:05.580565 c2c4                 Options.file_checksum_gen_factory: Unknown
2026/02/23-22:46:05.580568 c2c4                 Options.best_efforts_recovery: 0
2026/02/23-22:46:05.580571 c2c4                Options.max_bgerror_resume_count: 2147483647
2026/02/23-22:46:05.580574 c2c4            Options.bgerror_resume_retry_interval: 1000000
2026/02/23-22:46:05.580577 c2c4             Options.allow_data_in_errors: 0
2026/02/23-22:46:05.580579 c2c4             Options.db_host_id: __hostname__
2026/02/23-22:46:05.580583 c2c4             Options.enforce_single_del_contracts: true
2026/02/23-22:46:05.580586 c2c4             Options.max_background_jobs: 8
2026/02/23-22:46:05.580588 c2c4             Options.max_background_compactions: -1
2026/02/23-22:46:05.580591 c2c4             Options.max_subcompactions: 1
2026/02/23-22:46:05.580594 c2c4             Options.avoid_flush_during_shutdown: 0
2026/02/23-22:46:05.580597 c2c4           Options.writable_file_max_buffer_size: 1048576
2026/02/23-22:46:05.580600 c2c4             Options.delayed_write_rate : 16777216
2026/02/23-22:46:05.580603 c2c4             Options.max_total_wal_size: 0
2026/02/23-22:46:05.580606 c2c4             Options.delete_obsolete_files_period_micros: 21600000000
2026/02/23-22:46:05.580609 c2c4                   Options.stats_dump_period_sec: 600
2026/02/23-22:46:05.580612 c2c4                 Options.stats_persist_period_sec: 600
2026/02/23-22:46:05.580615 c2c4                 Options.stats_history_buffer_size: 1048576
2026/02/23-22:46:05.580618 c2c4                          Options.max_open_files: -1
2026/02/23-22:46:05.580620 c2c4                          Options.bytes_per_sync: 1048576
2026/02/23-22:46:05.580623 c2c4                      Options.wal_bytes_per_sync: 0
2026/02/23-22:46:05.580626 c2c4                   Options.strict_bytes_per_sync: 0
2026/02/23-22:46:05.580629 c2c4       Options.compaction_readahead_size: 0
2026/02/23-22:46:05.580632 c2c4                  Options.max_background_flushes: -1
2026/02/23-22:46:05.580639 c2c4 Compression algorithms supported:
2026/02/23-22:46:05.580646 c2c4 	kZSTD supported: 1
2026/02/23-22:46:05.580649 c2c4 	kSnappyCompression supported: 1
2026/02/23-22:46:05.580652 c2c4 	kBZip2Compression supported: 1
2026/02/23-22:46:05.580654 c2c4 	kZlibCompression supported: 1
2026/02/23-22:46:05.580657 c2c4 	kLZ4Compression supported: 1
2026/02/23-22:46:05.580660 c2c4 	kXpressCompression supported: 0
2026/02/23-22:46:05.580662 c2c4 	kLZ4HCCompression supported: 1
2026/02/23-22:46:05.580678 c2c4 	kZSTDNotFinalCompression supported: 1
2026/02/23-22:46:05.580688 c2c4 Fast CRC32 supported: Supported on x86
2026/02/23-22:46:05.580690 c2c4 DMutex implementation: std::mutex
2026/02/23-22:46:05.581270 c2c4 [db/version_set.cc:5662] Recovering from manifest file: ./temp_data\collections\default\rocksdb/MANIFEST-000033
2026/02/23-22:46:05.581423 c2c4 [db/column_family.cc:621] --------------- Options for column family [default]:
2026/02/23-22:46:05.581431 c2c4               Options.comparator: leveldb.BytewiseComparator
2026/02/23-22:46:05.581434 c2c4           Options.merge_operator: None
2026/02/23-22:46:05.581436 c2c4        Options.compaction_filter: None
2026/02/23-22:46:05.581438 c2c4        Options.compaction_filter_factory: None
2026/02/23-22:46:05.581441 c2c4  Options.sst_partitioner_factory: None
2026/02/23-22:46:05.581443 c2c4         Options.memtable_factory: SkipListFactory
2026/02/23-22:46:05.581446 c2c4            Options.table_factory: BlockBasedTable
2026/02/23-22:46:05.581473 c2c4            table_factory options:   flush_block_policy_factory: FlushBlockBySizePolicyFactory (00000264F9B947F0)
  cache_index_and_filter_blocks: 0
  cache_index_and_filter_blocks_with_high_priority: 1
  pin_l0_filter_and_index_blocks_in_cache: 0
  pin_top_level_index_and_filter: 1
  index_type: 0
  data_block_index_type: 0
  index_shortening: 1
  data_block_hash_table_util_ratio: 0.750000
  checksum: 4
  no_block_cache: 0
  block_cache: 00000264F9B8EA00
  block_cache_name: LRUCache
  block_cache_options:
    capacity : 8388608
    num_shard_bits : 4
    strict_capacity_limit : 0
    memory_allocator : None
    high_pri_pool_ratio: 0.000
    low_pri_pool_ratio: 0.000
  persistent_cache: 0000000000000000
  block_size: 4096
  block_size_deviation: 10
  block_restart_interval: 16
  index_block_restart_interval: 1
  metadata_block_size: 4096
  partition_filters: 0
  use_delta_encoding: 1
  filter_policy: nullptr
  whole_key_filtering: 1
  verify_compression: 0
  read_amp_bytes_per_bit: 0
  format_version: 5
  enable_index_compression: 1
  block_align: 0
  max_auto_readahead_size: 262144
  prepopulate_block_cache: 0
  initial_auto_readahead_size: 8192
  num_file_reads_for_auto_readahead: 2
2026/02/23-22:46:05.581478 c2c4        Options.write_buffer_size: 67108864
2026/02/23-22:46:05.581481 c2c4  Options.max_write_buffer_number: 2
2026/02/23-22:46:05.581483 c2c4          Options.compression: Snappy
2026/02/23-22:46:05.581485 c2c4                  Options.bottommost_compression: Disabled
2026/02/23-22:46:05.581488 c2c4       Options.prefix_extractor: nullptr
2026/02/23-22:46:05.581490 c2c4   Options.memtable_insert_with_hint_prefix_extractor: nullptr
2026/02/23-22:46:05.581492 c2c4             Options.num_levels: 7
2026/02/23-22:46:05.581494 c2c4        Options.min_write_buffer_number_to_merge: 1
2026/02/23-22:46:05.581497 c2c4     Options.max_write_buffer_number_to_maintain: 0
2026/02/23-22:46:05.581499 c2c4     Options.max_write_buffer_size_to_maintain: 0
2026/02/23-22:46:05.581501 c2c4            Options.bottommost_compression_opts.window_bits: -14
2026/02/23-22:46:05.581504 c2c4                  Options.bottommost_compression_opts.level: 32767
2026/02/23-22:46:05.581506 c2c4               Options.bottommost_compression_opts.strategy: 0
2026/02/23-22:46:05.581508 c2c4         Options.bottommost_compression_opts.max_dict_bytes: 0
2026/02/23-22:46:05.581511 c2c4         Options.bottommost_compression_opts.zstd_max_train_bytes: 0
2026/02/23-22:46:05.581513 c2c4         Options.bottommost_compression_opts.parallel_threads: 1
2026/02/23-22:46:05.581515 c2c4                  Options.bottommost_compression_opts.enabled: false
2026/02/23-22:46:05.581518 c2c4         Options.bottommost_compression_opts.max_dict_buffer_bytes: 0
2026/02/23-22:46:05.581520 c2c4         Options.bottommost_compression_opts.use_zstd_dict_trainer: true
2026/02/23-22:46:05.581522 c2c4            Options.compression_opts.window_bits: -14
2026/02/23-22:46:05.581525 c2c4                  Options.compression_opts.level: 32767
2026/02/23-22:46:05.581552 c2c4               Options.compression_opts.strategy: 0
2026/02/23-22:46:05.581555 c2c4         Options.compression_opts.max_dict_bytes: 0
2026/02/23-22:46:05.581557 c2c4         Options.compression_opts.zstd_max_train_bytes: 0
2026/02/23-22:46:05.581560 c2c4         Options.compression_opts.use_zstd_dict_trainer: true
2026/02/23-22:46:05.581562 c2c4         Options.compression_opts.parallel_threads: 1
2026/02/23-22:46:05.581564 c2c4                  Options.compression_opts.enabled: false
2026/02/23-22:46:05.581567 c2c4         Options.compression_opts.max_dict_buffer_bytes: 0
2026/02/23-22:46:05.581569 c2c4      Options.level0_file_num_compaction_trigger: 4
2026/02/23-22:46:05.581572 c2c4          Options.level0_slowdown_writes_trigger: 20
2026/02/23-22:46:05.581574 c2c4              Options.level0_stop_writes_trigger: 36
2026/02/23-22:46:05.581576 c2c4                   Options.target_file_size_base: 67108864
2026/02/23-22:46:05.581578 c2c4             Options.target_file_size_multiplier: 1
2026/02/23-22:46:05.581581 c2c4                Options.max_bytes_for_level_base: 268435456
2026/02/23-22:46:05.581583 c2c4 Options.level_compaction_dynamic_level_bytes: 0
2026/02/23-22:46:05.581585 c2c4          Options.max_bytes_for_level_multiplier: 10.000000
2026/02/23-22:46:05.581588 c2c4 Options.max_bytes_for_level_multiplier_addtl[0]: 1
2026/02/23-22:46:05.581591 c2c4 Options.max_bytes_for_level_multiplier_addtl[1]: 1
2026/02/23-22:46:05.581593 c2c4 Options.max_bytes_for_level_multiplier_addtl[2]: 1
2026/02/23-22:46:05.581595 c2c4 Options.max_bytes_for_level_multiplier_addtl[3]: 1
2026/02/23-22:46:05.581597 c2c4 Options.max_bytes_for_level_multiplier_addtl[4]: 1
2026/02/23-22:46:05.581599 c2c4 Options.max_bytes_for_level_multiplier_addtl[5]: 1
2026/02/23-22:46:05.581602 c2c4 Options.max_bytes_for_level_multiplier_addtl[6]: 1
2026/02/23-22:46:05.581604 c2c4       Options.max_sequential_skip_in_iterations: 8
2026/02/23-22:46:05.581606 c2c4                    Options.max_compaction_bytes: 1677721600
2026/02/23-22:46:05.581609 c2c4   Options.ignore_max_compaction_bytes_for_input: true
2026/02/23-22:46:05.581611 c2c4                        Options.arena_block_size: 1048576
2026/02/23-22:46:05.581613 c2c4   Options.soft_pending_compaction_bytes_limit: 68719476736
2026/02/23-22:46:05.581615 c2c4   Options.hard_pending_compaction_bytes_limit: 274877906944
2026/02/23-22:46:05.581618 c2c4                Options.disable_auto_compactions: 0
2026/02/23-22:46:05.581621 c2c4                        Options.compaction_style: kCompactionStyleLevel
2026/02/23-22:46:05.581624 c2c4                          Options.compaction_pri: kMinOverlappingRatio
2026/02/23-22:46:05.581626 c2c4 Options.compaction_options_universal.size_ratio: 1
2026/02/23-22:46:05.581629 c2c4 Options.compaction_options_universal.min_merge_width: 2
2026/02/23-22:46:05.581631 c2c4 Options.compaction_options_universal.max_merge_width: 4294967295
2026/02/23-22:46:05.581633 c2c4 Options.compaction_options_universal.max_size_amplification_percent: 200
2026/02/23-22:46:05.581636 c2c4 Options.compaction_options_universal.compression_size_percent: -1
2026/02/23-22:46:05.581638 c2c4 Options.compaction_options_universal.stop_style: kCompactionStopStyleTotalSize
2026/02/23-22:46:05.581640 c2c4 Options.compaction_options_fifo.max_table_files_size: 1073741824
2026/02/23-22:46:05.581643 c2c4 Options.compaction_options_fifo.allow_compaction: 0
2026/02/23-22:46:05.581647 c2c4                   Options.table_properties_collectors: 
2026/02/23-22:46:05.581649 c2c4                   Options.inplace_update_support: 0
2026/02/23-22:46:05.581652 c2c4                 Options.inplace_update_num_locks: 10000
2026/02/23-22:46:05.581654 c2c4               Options.memtable_prefix_bloom_size_ratio: 0.000000
2026/02/23-22:46:05.581656 c2c4               Options.memtable_whole_key_filtering: 0
2026/02/23-22:46:05.581659 c2c4   Options.memtable_huge_page_size: 0
2026/02/23-22:46:05.581661 c2c4                           Options.bloom_locality: 0
2026/02/23-22:46:05.581663 c2c4                    Options.max_successive_merges: 0
2026/02/23-22:46:05.581667 c2c4                Options.optimize_filters_for_hits: 0
2026/02/23-22:46:05.581669 c2c4                Options.paranoid_file_checks: 0
2026/02/23-22:46:05.581672 c2c4                Options.force_consistency_checks: 1
2026/02/23-22:46:05.581674 c2c4                Options.report_bg_io_stats: 0
2026/02/23-22:46:05.581676 c2c4                               Options.ttl: 2592000
2026/02/23-22:46:05.581679 c2c4          Options.periodic_compaction_seconds: 0
2026/02/23-22:46:05.581681 c2c4  Options.preclude_last_level_data_seconds: 0
2026/02/23-22:46:05.581683 c2c4    Options.preserve_internal_time_seconds: 0
2026/02/23-22:46:05.581686 c2c4                       Options.enable_blob_files: false
2026/02/23-22:46:05.581688 c2c4                           Options.min_blob_size: 0
2026/02/23-22:46:05.581690 c2c4                          Options.blob_file_size: 268435456
2026/02/23-22:46:05.581693 c2c4                   Options.blob_compression_type: NoCompression
2026/02/23-22:46:05.581695 c2c4          Options.enable_blob_garbage_collection: false
2026/02/23-22:46:05.581697 c2c4      Options.blob_garbage_collection_age_cutoff: 0.250000
2026/02/23-22:46:05.581700 c2c4 Options.blob_garbage_collection_force_threshold: 1.000000
2026/02/23-22:46:05.581703 c2c4          Options.blob_compaction_readahead_size: 0
2026/02/23-22:46:05.581705 c2c4                Options.blob_file_starting_level: 0
2026/02/23-22:46:05.581708 c2c4 Options.experimental_mempurge_threshold: 0.000000
2026/02/23-22:46:05.581814 c2c4 [db/column_family.cc:621] --------------- Options for column family [nodes]:
2026/02/23-22:46:05.581818 c2c4               Options.comparator: leveldb.BytewiseComparator
2026/02/23-22:46:05.581820 c2c4           Options.merge_operator: None
2026/02/23-22:46:05.581822 c2c4        Options.compaction_filter: None
2026/02/23-22:46:05.581825 c2c4        Options.compaction_filter_factory: None
2026/02/23-22:46:05.581827 c2c4  Options.sst_partitioner_factory: None
2026/02/23-22:46:05.581829 c2c4         Options.memtable_factory: SkipListFactory
2026/02/23-22:46:05.581832 c2c4            Options.table_factory: BlockBasedTable
2026/02/23-22:46:05.581849 c2c4            table_factory options:   flush_block_policy_factory: FlushBlockBySizePolicyFactory (00000264F9B89F90)
  cache_index_and_filter_blocks: 1
  cache_index_and_filter_blocks_with_high_priority: 1
  pin_l0_filter_and_index_blocks_in_cache: 1
  pin_top_level_index_and_filter: 1
  index_type: 0
  data_block_index_type: 0
  index_shortening: 1
  data_block_hash_table_util_ratio: 0.750000
  checksum: 4
  no_block_cache: 0
  block_cache: 00000264F9B0EB20
  block_cache_name: LRUCache
  block_cache_options:
    capacity : 536870912
    num_shard_bits : 6
    strict_capacity_limit : 0
    memory_allocator : None
    high_pri_pool_ratio: 0.500
    low_pri_pool_ratio: 0.000
  persistent_cache: 0000000000000000
  block_size: 16384
  block_size_deviation: 10
  block_restart_interval: 16
  index_block_restart_interval: 1
  metadata_block_size: 4096
  partition_filters: 0
  use_delta_encoding: 1
  filter_policy: bloomfilter
  whole_key_filtering: 1
  verify_compression: 0
  read_amp_bytes_per_bit: 0
  format_version: 5
  enable_index_compression: 1
  block_align: 0
  max_auto_readahead_size: 262144
  prepopulate_block_cache: 0
  initial_auto_readahead_size: 8192
  num_file_reads_for_auto_readahead: 2
2026/02/23-22:46:05.581853 c2c4        Options.write_buffer_size: 134217728
2026/02/23-22:46:05.581856 c2c4  Options.max_write_buffer_number: 3
2026/02/23-22:46:05.581859 c2c4          Options.compression: LZ4
2026/02/23-22:46:05.581861 c2c4                  Options.bottommost_compression: ZSTD
2026/02/23-22:46:05.581864 c2c4       Options.prefix_extractor: nullptr
2026/02/23-22:46:05.581866 c2c4   Options.memtable_insert_with_hint_prefix_extractor: nullptr
2026/02/23-22:46:05.581869 c2c4             Options.num_levels: 7
2026/02/23-22:46:05.581871 c2c4        Options.min_write_buffer_number_to_merge: 1
2026/02/23-22:46:05.581874 c2c4     Options.max_write_buffer_number_to_maintain: 0
2026/02/23-22:46:05.581878 c2c4     Options.max_write_buffer_size_to_maintain: 0
2026/02/23-22:46:05.581882 c2c4            Options.bottommost_compression_opts.window_bits: -14
2026/02/23-22:46:05.581885 c2c4                  Options.bottommost_compression_opts.level: 32767
2026/02/23-22:46:05.581888 c2c4               Options.bottommost_compression_opts.strategy: 0
2026/02/23-22:46:05.581891 c2c4         Options.bottommost_compression_opts.max_dict_bytes: 0
2026/02/23-22:46:05.581893 c2c4         Options.bottommost_compression_opts.zstd_max_train_bytes: 0
2026/02/23-22:46:05.581896 c2c4         Options.bottommost_compression_opts.parallel_threads: 1
2026/02/23-22:46:05.581899 c2c4                  Options.bottommost_compression_opts.enabled: false
2026/02/23-22:46:05.581902 c2c4         Options.bottommost_compression_opts.max_dict_buffer_bytes: 0
2026/02/23-22:46:05.581905 c2c4         Options.bottommost_compression_opts.use_zstd_dict_trainer: true
2026/02/23-22:46:05.581907 c2c4            Options.compression_opts.window_bits: -14
2026/02/23-22:46:05.581910 c2c4                  Options.compression_opts.level: 32767
2026/02/23-22:46:05.581913 c2c4               Options.compression_opts.strategy: 0
2026/02/23-22:46:05.581916 c2c4         Options.compression_opts.max_dict_bytes: 0
2026/02/23-22:46:05.581918 c2c4         Options.compression_opts.zstd_max_train_bytes: 0
2026/02/23-22:46:05.581921 c2c4         Options.compression_opts.use_zstd_dict_trainer: true
2026/02/23-22:46:05.581924 c2c4         Options.compression_opts.parallel_threads: 1
2026/02/23-22:46:05.581926 c2c4                  Options.compression_opts.enabled: false
2026/02/23-22:46:05.581929 c2c4         Options.compression_opts.max_dict_buffer_bytes: 0
2026/02/23-22:46:05.581932 c2c4      Options.level0_file_num_compaction_trigger: 4
2026/02/23-22:46:05.581934 c2c4          Options.level0_slowdown_writes_trigger: 20
2026/02/23-22:46:05.581937 c2c4              Options.level0_stop_writes_trigger: 36
2026/02/23-22:46:05.581939 c2c4                   Options.target_file_size_base: 67108864
2026/02/23-22:46:05.581942 c2c4             Options.target_file_size_multiplier: 1
2026/02/23-22:46:05.581944 c2c4                Options.max_bytes_for_level_base: 268435456
2026/02/23-22:46:05.581947 c2c4 Options.level_compaction_dynamic_level_bytes: 0
2026/02/23-22:46:05.581949 c2c4          Options.max_bytes_for_level_multiplier: 10.000000
2026/02/23-22:46:05.581952 c2c4 Options.max_bytes_for_level_multiplier_addtl[0]: 1
2026/02/23-22:46:05.581954 c2c4 Options.max_bytes_for_level_multiplier_addtl[1]: 1
2026/02/23-22:46:05.581957 c2c4 Options.max_bytes_for_level_multiplier_addtl[2]: 1
2026/02/23-22:46:05.581959 c2c4 Options.max_bytes_for_level_multiplier_addtl[3]: 1
2026/02/23-22:46:05.581962 c2c4 Options.max_bytes_for_level_multiplier_addtl[4]: 1
2026/02/23-22:46:05.581964 c2c4 Options.max_bytes_for_level_multiplier_addtl[5]: 1
2026/02/23-22:46:05.581967 c2c4 Options.max_bytes_for_level_multiplier_addtl[6]: 1
2026/02/23-22:46:05.581969 c2c4       Options.max_sequential_skip_in_iterations: 8
2026/02/23-22:46:05.581972 c2c4                    Options.max_compaction_bytes: 1677721600
2026/02/23-22:46:05.581974 c2c4   Options.ignore_max_compaction_bytes_for_input: true
2026/02/23-22:46:05.581976 c2c4                        Options.arena_block_size: 1048576
2026/02/23-22:46:05.581979 c2c4   Options.soft_pending_compaction_bytes_limit: 68719476736
2026/02/23-22:46:05.581981 c2c4   Options.hard_pending_compaction_bytes_limit: 274877906944
2026/02/23-22:46:05.581983 c2c4                Options.disable_auto_compactions: 0
2026/02/23-22:46:05.581986 c2c4                        Options.compaction_style: kCompactionStyleLevel
2026/02/23-22:46:05.581988 c2c4                          Options.compaction_pri: kMinOverlappingRatio
2026/02/23-22:46:05.581990 c2c4 Options.compaction_options_universal.size_ratio: 1
2026/02/23-22:46:05.581993 c2c4 Options.compaction_options_universal.min_merge_width: 2
2026/02/23-22:46:05.582069 c2c4 Options.compaction_options_universal.max_merge_width: 4294967295
2026/02/23-22:46:05.582080 c2c4 Options.compaction_options_universal.max_size_amplification_percent: 200
2026/02/23-22:46:05.582085 c2c4 Options.compaction_options_universal.compression_size_percent: -1
2026/02/23-22:46:05.582089 c2c4 Options.compaction_options_universal.stop_style: kCompactionStopStyleTotalSize
2026/02/23-22:46:05.582092 c2c4 Options.compaction_options_fifo.max_table_files_size: 1073741824
2026/02/23-22:46:05.582095 c2c4 Options.compaction_options_fifo.allow_compaction: 0
2026/02/23-22:46:05.582098 c2c4                   Options.table_properties_collectors: 
2026/02/23-22:46:05.582101 c2c4                   Options.inplace_update_support: 0
2026/02/23-22:46:05.582104 c2c4                 Options.inplace_update_num_locks: 10000
2026/02/23-22:46:05.582106 c2c4               Options.memtable_prefix_bloom_size_ratio: 0.000000
2026/02/23-22:46:05.582110 c2c4               Options.memtable_whole_key_filtering: 0
2026/02/23-22:46:05.582112 c2c4   Options.memtable_huge_page_size: 0
2026/02/23-22:46:05.582115 c2c4                           Options.bloom_locality: 0
2026/02/23-22:46:05.582118 c2c4                    Options.max_successive_merges: 0
2026/02/23-22:46:05.582120 c2c4                Options.optimize_filters_for_hits: 0
2026/02/23-22:46:05.582123 c2c4                Options.paranoid_file_checks: 0
2026/02/23-22:46:05.582126 c2c4                Options.force_consistency_checks: 1
2026/02/23-22:46:05.582129 c2c4                Options.report_bg_io_stats: 0
2026/02/23-22:46:05.582131 c2c4                               Options.ttl: 2592000
2026/02/23-22:46:05.582134 c2c4          Options.periodic_compaction_seconds: 0
2026/02/23-22:46:05.582137 c2c4  Options.preclude_last_level_data_seconds: 0
2026/02/23-22:46:05.582140 c2c4    Options.preserve_internal_time_seconds: 0
2026/02/23-22:46:05.582142 c2c4                       Options.enable_blob_files: false
2026/02/23-22:46:05.582145 c2c4                           Options.min_blob_size: 0
2026/02/23-22:46:05.582161 c2c4                          Options.blob_file_size: 268435456
2026/02/23-22:46:05.582167 c2c4                   Options.blob_compression_type: NoCompression
2026/02/23-22:46:05.582170 c2c4          Options.enable_blob_garbage_collection: false
2026/02/23-22:46:05.582173 c2c4      Options.blob_garbage_collection_age_cutoff: 0.250000
2026/02/23-22:46:05.582177 c2c4 Options.blob_garbage_collection_force_threshold: 1.000000
2026/02/23-22:46:05.582180 c2c4          Options.blob_compaction_readahead_size: 0
2026/02/23-22:46:05.582183 c2c4                Options.blob_file_starting_level: 0
2026/02/23-22:46:05.582185 c2c4 Options.experimental_mempurge_threshold: 0.000000
2026/02/23-22:46:05.582242 c2c4 [db/column_family.cc:621] --------------- Options for column family [embeddings]:
2026/02/23-22:46:05.582246 c2c4               Options.comparator: leveldb.BytewiseComparator
2026/02/23-22:46:05.582249 c2c4           Options.merge_operator: None
2026/02/23-22:46:05.582252 c2c4        Options.compaction_filter: None
2026/02/23-22:46:05.582254 c2c4        Options.compaction_filter_factory: None
2026/02/23-22:46:05.582257 c2c4  Options.sst_partitioner_factory: None
2026/02/23-22:46:05.582259 c2c4         Options.memtable_factory: SkipListFactory
2026/02/23-22:46:05.582262 c2c4            Options.table_factory: BlockBasedTable
2026/02/23-22:46:05.582282 c2c4            table_factory options:   flush_block_policy_factory: FlushBlockBySizePolicyFactory (00000264F9B8A5C0)
  cache_index_and_filter_blocks: 1
  cache_index_and_filter_blocks_with_high_priority: 1
  pin_l0_filter_and_index_blocks_in_cache: 1
  pin_top_level_index_and_filter: 1
  index_type: 0
  data_block_index_type: 0
  index_shortening: 1
  data_block_hash_table_util_ratio: 0.750000
  checksum: 4
  no_block_cache: 0
  block_cache: 00000264F9B0EB20
  block_cache_name: LRUCache
  block_cache_options:
    capacity : 536870912
    num_shard_bits : 6
    strict_capacity_limit : 0
    memory_allocator : None
    high_pri_pool_ratio: 0.500
    low_pri_pool_ratio: 0.000
  persistent_cache: 0000000000000000
  block_size: 16384
  block_size_deviation: 10
  block_restart_interval: 16
  index_block_restart_interval: 1
  metadata_block_size: 4096
  partition_filters: 0
  use_delta_encoding: 1
  filter_policy: bloomfilter
  whole_key_filtering: 1
  verify_compression: 0
  read_amp_bytes_per_bit: 0
  format_version: 5
  enable_index_compression: 1
  block_align: 0
  max_auto_readahead_size: 262144
  prepopulate_block_cache: 0
  initial_auto_readahead_size: 8192
  num_file_reads_for_auto_readahead: 2
2026/02/23-22:46:05.582288 c2c4        Options.write_buffer_size: 134217728
2026/02/23-22:46:05.582292 c2c4  Options.max_write_buffer_number: 3
2026/02/23-22:46:05.582294 c2c4          Options.compression: LZ4
2026/02/23-22:46:05.582297 c2c4                  Options.bottommost_compression: ZSTD
2026/02/23-22:46:05.582300 c2c4       Options.prefix_extractor: nullptr
2026/02/23-22:46:05.582302 c2c4   Options.memtable_insert_with_hint_prefix_extractor: nullptr
2026/02/23-22:46:05.582305 c2c4             Options.num_levels: 7
2026/02/23-22:46:05.582307 c2c4        Options.min_write_buffer_number_to_merge: 1
2026/02/23-22:46:05.582310 c2c4     Options.max_write_buffer_number_to_maintain: 0
2026/02/23-22:46:05.582312 c2c4     Options.max_write_buffer_size_to_maintain: 0
2026/02/23-22:46:05.582315 c2c4            Options.bottommost_compression_opts.window_bits: -14
2026/02/23-22:46:05.582317 c2c4                  Options.bottommost_compression_opts.level: 32767
2026/02/23-22:46:05.582320 c2c4               Options.bottommost_compression_opts.strategy: 0
2026/02/23-22:46:05.582322 c2c4         Options.bottommost_compression_opts.max_dict_bytes: 0
2026/02/23-22:46:05.582325 c2c4         Options.bottommost_compression_opts.zstd_max_train_bytes: 0
2026/02/23-22:46:05.582328 c2c4         Options.bottommost_compression_opts.parallel_threads: 1
2026/02/23-22:46:05.582331 c2c4                  Options.bottommost_compression_opts.enabled: false
2026/02/23-22:46:05.582333 c2c4         Options.bottommost_compression_opts.max_dict_buffer_bytes: 0
2026/02/23-22:46:05.582336 c2c4         Options.bottommost_compression_opts.use_zstd_dict_trainer: true
2026/02/23-22:46:05.582339 c2c4            Options.compression_opts.window_bits: -14
2026/02/23-22:46:05.582342 c2c4                  Options.compression_opts.level: 32767
2026/02/23-22:46:05.582344 c2c4               Options.compression_opts.strategy: 0
2026/02/23-22:46:05.582347 c2c4         Options.compression_opts.max_dict_bytes: 0
2026/02/23-22:46:05.582349 c2c4         Options.compression_opts.zstd_max_train_bytes: 0
2026/02/23-22:46:05.582352 c2c4         Options.compression_opts.use_zstd_dict_trainer: true
2026/02/23-22:46:05.582354 c2c4         Options.compression_opts.parallel_threads: 1
2026/02/23-22:46:05.582357 c2c4                  Options.compression_opts.enabled: false
2026/02/23-22:46:05.582359 c2c4         Options.compression_opts.max_dict_buffer_bytes: 0
2026/02/23-22:46:05.582362 c2c4      Options.level0_file_num_compaction_trigger: 4
2026/02/23-22:46:05.582364 c2c4          Options.level0_slowdown_writes_trigger: 20
2026/02/23-22:46:05.582367 c2c4              Options.level0_stop_writes_trigger: 36
2026/02/23-22:46:05.582369 c2c4                   Options.target_file_size_base: 67108864
2026/02/23-22:46:05.582372 c2c4             Options.target_file_size_multiplier: 1
2026/02/23-22:46:05.582374 c2c4                Options.max_bytes_for_level_base: 268435456
2026/02/23-22:46:05.582377 c2c4 Options.level_compaction_dynamic_level_bytes: 0
2026/02/23-22:46:05.582379 c2c4          Options.max_bytes_for_level_multiplier: 10.000000
2026/02/23-22:46:05.582382 c2c4 Options.max_bytes_for_level_multiplier_addtl[0]: 1
2026/02/23-22:46:05.582385 c2c4 Options.max_bytes_for_level_multiplier_addtl[1]: 1
2026/02/23-22:46:05.582388 c2c4 Options.max_bytes_for_level_multiplier_addtl[2]: 1
2026/02/23-22:46:05.582390 c2c4 Options.max_bytes_for_level_multiplier_addtl[3]: 1
2026/02/23-22:46:05.582393 c2c4 Options.max_bytes_for_level_multiplier_addtl[4]: 1
2026/02/23-22:46:05.582421 c2c4 Options.max_bytes_for_level_multiplier_addtl[5]: 1
2026/02/23-22:46:05.582425 c2c4 Options.max_bytes_for_level_multiplier_addtl[6]: 1
2026/02/23-22:46:05.582428 c2c4       Options.max_sequential_skip_in_iterations: 8
2026/02/23-22:46:05.582430 c2c4                    Options.max_compaction_bytes: 1677721600
2026/02/23-22:46:05.582433 c2c4   Options.ignore_max_compaction_bytes_for_input: true
2026/02/23-22:46:05.582435 c2c4                        Options.arena_block_size: 1048576
2026/02/23-22:46:05.582437 c2c4   Options.soft_pending_compaction_bytes_limit: 68719476736
2026/02/23-22:46:05.582440 c2c4   Options.hard_pending_compaction_bytes_limit: 274877906944
2026/02/23-22:46:05.582443 c2c4                Options.disable_auto_compactions: 0
2026/02/23-22:46:05.582445 c2c4                        Options.compaction_style: kCompactionStyleLevel
2026/02/23-22:46:05.582448 c2c4                          Options.compaction_pri: kMinOverlappingRatio
2026/02/23-22:46:05.582451 c2c4 Options.compaction_options_universal.size_ratio: 1
2026/02/23-22:46:05.582454 c2c4 Options.compaction_options_universal.min_merge_width: 2
2026/02/23-22:46:05.582456 c2c4 Options.compaction_options_universal.max_merge_width: 4294967295
2026/02/23-22:46:05.582459 c2c4 Options.compaction_options_universal.max_size_amplification_percent: 200
2026/02/23-22:46:05.582462 c2c4 Options.compaction_options_universal.compression_size_percent: -1
2026/02/23-22:46:05.582465 c2c4 Options.compaction_options_universal.stop_style: kCompactionStopStyleTotalSize
2026/02/23-22:46:05.582467 c2c4 Options.compaction_options_fifo.max_table_files_size: 1073741824
2026/02/23-22:46:05.582470 c2c4 Options.compaction_options_fifo.allow_compaction: 0
2026/02/23-22:46:05.582474 c2c4                   Options.table_properties_collectors: 
2026/02/23-22:46:05.582477 c2c4                   Options.inplace_update_support: 0
2026/02/23-22:46:05.582479 c2c4                 Options.inplace_update_num_locks: 10000
2026/02/23-22:46:05.582482 c2c4               Options.memtable_prefix_bloom_size_ratio: 0.000000
2026/02/23-22:46:05.582485 c2c4               Options.memtable_whole_key_filtering: 0
2026/02/23-22:46:05.582487 c2c4   Options.memtable_huge_page_size: 0
2026/02/23-22:46:05.582490 c2c4                           Options.bloom_locality: 0
2026/02/23-22:46:05.582492 c2c4                    Options.max_successive_merges: 0
2026/02/23-22:46:05.582495 c2c4                Options.optimize_filters_for_hits: 0
2026/02/23-22:46:05.582497 c2c4                Options.paranoid_file_checks: 0
2026/02/23-22:46:05.582500 c2c4                Options.force_consistency_checks: 1
2026/02/23-22:46:05.582502 c2c4                Options.report_bg_io_stats: 0
2026/02/23-22:46:05.582505 c2c4                               Options.ttl: 2592000
2026/02/23-22:46:05.582507 c2c4          Options.periodic_compaction_seconds: 0
2026/02/23-22:46:05.582510 c2c4  Options.preclude_last_level_data_seconds: 0
2026/02/23-22:46:05.582512 c2c4    Options.preserve_internal_time_seconds: 0
2026/02/23-22:46:05.582514 c2c4                       Options.enable_blob_files: false
2026/02/23-22:46:05.582517 c2c4                           Options.min_blob_size: 0
2026/02/23-22:46:05.582519 c2c4                          Options.blob_file_size: 268435456
2026/02/23-22:46:05.582522 c2c4                   Options.blob_compression_type: NoCompression
2026/02/23-22:46:05.582524 c2c4          Options.enable_blob_garbage_collection: false
2026/02/23-22:46:05.582527 c2c4      Options.blob_garbage_collection_age_cutoff: 0.250000
2026/02/23-22:46:05.582530 c2c4 Options.blob_garbage_collection_force_threshold: 1.000000
2026/02/23-22:46:05.582533 c2c4          Options.blob_compaction_readahead_size: 0
2026/02/23-22:46:05.582535 c2c4                Options.blob_file_starting_level: 0
2026/02/23-22:46:05.582537 c2c4 Options.experimental_mempurge_threshold: 0.000000
2026/02/23-22:46:05.582574 c2c4 [db/column_family.cc:621] --------------- Options for column family [edges]:
2026/02/23-22:46:05.582578 c2c4               Options.comparator: leveldb.BytewiseComparator
2026/02/23-22:46:05.582598 c2c4           Options.merge_operator: None
2026/02/23-22:46:05.582602 c2c4        Options.compaction_filter: None
2026/02/23-22:46:05.582604 c2c4        Options.compaction_filter_factory: None
2026/02/23-22:46:05.582607 c2c4  Options.sst_partitioner_factory: None
2026/02/23-22:46:05.582609 c2c4         Options.memtable_factory: SkipListFactory
2026/02/23-22:46:05.582612 c2c4            Options.table_factory: BlockBasedTable
2026/02/23-22:46:05.582631 c2c4            table_factory options:   flush_block_policy_factory: FlushBlockBySizePolicyFactory (00000264F9B8ADA0)
  cache_index_and_filter_blocks: 1
  cache_index_and_filter_blocks_with_high_priority: 1
  pin_l0_filter_and_index_blocks_in_cache: 1
  pin_top_level_index_and_filter: 1
  index_type: 0
  data_block_index_type: 0
  index_shortening: 1
  data_block_hash_table_util_ratio: 0.750000
  checksum: 4
  no_block_cache: 0
  block_cache: 00000264F9B0EB20
  block_cache_name: LRUCache
  block_cache_options:
    capacity : 536870912
    num_shard_bits : 6
    strict_capacity_limit : 0
    memory_allocator : None
    high_pri_pool_ratio: 0.500
    low_pri_pool_ratio: 0.000
  persistent_cache: 0000000000000000
  block_size: 16384
  block_size_deviation: 10
  block_restart_interval: 16
  index_block_restart_interval: 1
  metadata_block_size: 4096
  partition_filters: 0
  use_delta_encoding: 1
  filter_policy: bloomfilter
  whole_key_filtering: 1
  verify_compression: 0
  read_amp_bytes_per_bit: 0
  format_version: 5
  enable_index_compression: 1
  block_align: 0
  max_auto_readahead_size: 262144
  prepopulate_block_cache: 0
  initial_auto_readahead_size: 8192
  num_file_reads_for_auto_readahead: 2
2026/02/23-22:46:05.582634 c2c4        Options.write_buffer_size: 134217728
2026/02/23-22:46:05.582636 c2c4  Options.max_write_buffer_number: 3
2026/02/23-22:46:05.582639 c2c4          Options.compression: LZ4
2026/02/23-22:46:05.582642 c2c4                  Options.bottommost_compression: ZSTD
2026/02/23-22:46:05.582644 c2c4       Options.prefix_extractor: nullptr
2026/02/23-22:46:05.582647 c2c4   Options.memtable_insert_with_hint_prefix_extractor: nullptr
2026/02/23-22:46:05.582649 c2c4             Options.num_levels: 7
2026/02/23-22:46:05.582652 c2c4        Options.min_write_buffer_number_to_merge: 1
2026/02/23-22:46:05.582654 c2c4     Options.max_write_buffer_number_to_maintain: 0
2026/02/23-22:46:05.582657 c2c4     Options.max_write_buffer_size_to_maintain: 0
2026/02/23-22:46:05.582660 c2c4            Options.bottommost_compression_opts.window_bits: -14
2026/02/23-22:46:05.582662 c2c4                  Options.bottommost_compression_opts.level: 32767
2026/02/23-22:46:05.582665 c2c4               Options.bottommost_compression_opts.strategy: 0
2026/02/23-22:46:05.582667 c2c4         Options.bottommost_compression_opts.max_dict_bytes: 0
2026/02/23-22:46:05.582670 c2c4         Options.bottommost_compression_opts.zstd_max_train_bytes: 0
2026/02/23-22:46:05.582672 c2c4         Options.bottommost_compression_opts.parallel_threads: 1
